0
3355443
3584191
3832097
4011550
4473924
4495803
4820806
5592405
6381914
6510384
6513500
6645086
6710886
7565931
8355446
8355711
8421504
9163744
9211020
9868678
11190117
11453035
11584112
11710882
11781233
12303274
12372094
12763315
12876543
13029267
13155550
13224123
13229526
13484259
13615592
13620648
13746411
13749671
13942770
14934482
15000299
15591638
15658734
15920858
15921870
16308697
16311482
16316664
16557154
16575614
16741158
16742950
16746278
16746413
16749632
16752972
16777215
451800027
452984831
666683518
862151516
863203947
868862139
871230427
871954680
872415231
1298359132
1308622847
1711276032
1724500155
1727592696
1728053247
2160707771
2163800312
3433742181
3434005099
3434136176
3434333297
3434924158
3435581331
