0
6425
8738
19033
34815
328965
352205
401446
462602
593674
855309
1118464
1118481
1184274
1272880
1314836
1512724
1644825
1728193
1842204
1913758
2038288
2171169
2236962
2302755
2695475
2706568
2828327
2836760
3158064
3183362
3354413
3354672
3354929
3355443
3552308
3584191
3629602
3677972
3684408
3773998
3813419
3832097
3881273
4272975
4311295
4473924
4495803
4666933
4985359
4991511
4991513
4991515
5000268
5286655
5395026
5592405
6052945
6052956
6164237
6173981
6381914
6381921
6513500
6645086
6710886
7542806
7565931
7566195
8026746
8163038
8263442
8327953
8355711
8421504
8853524
8947848
9163744
9210752
9211020
9868950
10066329
10167040
10426903
11057133
11710882
11836942
12039862
12303274
12895428
13031851
13155550
13163437
13229526
13942770
13947850
14604512
14934482
14951168
15066325
15086900
15214341
15263452
15658734
15921870
16118756
16557154
16579836
16744243
16746278
16746306
16749632
16750592
16752972
16760320
16763432
16765952
16774560
16777215
436207616
437326080
440681540
451800027
452984831
609045837
655429888
657730112
667795683
671088639
856756480
856756497
857282841
857551774
860638284
861690972
862151516
863203947
865871792
869585866
871230427
872415231
1074860288
1077488965
1078014799
1087357416
1087684594
1090519039
1216522952
1291845632
1292964096
1296845900
1298359132
1308576652
1308604747
1308622847
1511594265
1523897290
1545508592
1548466662
1711276032
1712394496
1728053247
1931024665
1933126981
1934376028
1943126251
1943322610
1943327690
2147483648
2156687378
2157871638
2164055552
2164253952
2787649562
2801593470
3019898879
3258727484
3942645760
4043309055
4279308544
4281545523
4281742388
4283782485
4286545791
4287137928
4294769916
4294967295
