-43.53261 172.63003 -44.25925 170.09779
19.04459 105.26825 20.21387 105.93649
39.90667 20.50253 42.28355 18.83789
41.46095 46.10317 41.69344 44.80146
48.51286 90.57362 48.12882 91.37414
5.2126 115.60576 5.97803 116.07291
52.27328 104.30532 52.0334 113.50091
46.83509 74.99845 49.85933 73.02251
49.01965 114.22616 48.06881 114.52414
36.43888 55.12544 36.21341 57.68087
41.79218 2.75783 43.73106 3.31892
36.42771 43.84312 37.14337 42.6823
52.6925 21.65173 52.31691 15.04077
-24.78945 -65.39934 -26.07103 -65.98005
54.64331 22.71944 54.38682 20.6405
13.67465 101.22338 13.76799 100.53294
-1.0698 -80.48369 -0.9336 -78.61489
45.34571 5.49797 43.55773 5.4809
34.66385 -120.45935 34.40836 -119.69353
54.45646 83.3791 50.62871 81.91555
18.29219 79.14524 17.448 78.49653
50.53918 -4.13443 50.6954 -2.65995
54.23476 22.07179 53.77542 20.48124
-27.99756 153.41512 -27.46897 153.0235
34.73252 44.66309 33.83717 44.52941
-34.7756 -56.2672 -34.45262 -57.84377
47.54144 7.87163 46.88207 8.64141
51.87278 19.65204 52.09376 23.68517
-49.32861 -72.88827 -53.16254 -70.90777
38.41932 48.87155 37.20608 50.00288
39.28098 44.45473 38.97914 45.47339
16.71338 98.56993 16.89026 97.63628
22.5681 -80.23003 23.14958 -81.26002
19.7626 97.18867 19.754 96.13448
33.68177 1.02222 35.30254 -1.38202
36.08424 9.36115 36.3492 6.69157
-23.22212 -44.71747 -24.36168 -47.01967
54.78091 25.274 56.08628 23.97369
46.87785 74.95033 49.81613 73.10267
9.18008 99.36504 13.75425 100.49309
51.09542 51.26225 50.27965 57.21245
-35.04646 -63.82594 -33.74542 -61.96811
-16.07854 145.46974 -15.47606 145.24525
56.30448 22.33223 47.30387 31.78502
46.75028 23.59363 45.67412 26.03355
55.80348 24.33373 54.89822 23.90447
48.81175 2.35203 45.33299 5.54146
35.00313 -118.95072 34.41251 -118.55603
51.42211 -120.20711 49.32483 -123.12117
30.56016 -8.02532 30.92351 -6.9291
17.5092 -91.98092 19.84425 -90.53622
